20509484
20423293
20423186
20409280
20322252
20322205
20322103
20255670
19969778
19967189
19852249
19810586
19810554
19766277
19733402
19685158
19685129
19685060
19641762
19641725
19640840
19639909
19639838
19626796
19621863
19619584
19611618
19611099
19576426
19568139
19535473
19526373
19525911
19306057
19273160
19251011
19229558
19229556
19104560
19104495
19104493
19103756
18854559
18680397
18680291
18663888
18621325
18621323
18218219
18130445
18062765
17699302
17536099
17536031
17523896
17523863
17523779
17488566
17453706
17441215
17425057
17401794
17352558
17338150
17337908
17337901
17202639
17111340
17111328
17111191
17034395
16985736
16917924
16776751
16530149
16492873
15936454
15204689
15204513
14937860
14625272
14536202
14356683
14190199
14100397
13971319
11973303
11067955
11063515
11036323
10667025
10588853
10481562
10449670
10064857
10064403
10022126
10010964
9998595
9968738
9924483
9905734
9887106
9878498
9861312
9840289
9834986
9751858
9695946
9674741
9664224
9663904
9627805
9592101
9592093
9588064
9580752
9580747
9523272
9517892
9502711
9467137
9353975
9353963
9315157
9305517
9303271
9295315
9267488
9199213
9199195
9183869
9177359
9164464
9152575
9129636
9129599
9109870
9083628
9062149
9009747
8926362
8902506
8902407
8901051
8850664
8833501
8832831
8832825
8734488
8728962
8724937
8708337
8623309
8558333
8558303
8524370
8519160
8517367
8516682
8491330
8421645
8345751
8345670
8345611
8295491
8295405
8267943
8267569
8267559
8256579
8214217
8119451
8067466
8057897
8024340
8004255
7897714
7847073
7828599
7828573
7828484
7822725
7514589
7481670
7379558
7299383
7223866
7195810
7105845
6954985
6831122
6819715
6819627
6818522
6809505
6752590
6748248
6748229
6748124
6692966
6607371
6581659
6579441
6579424
6553163
6535722
6526728
6519016
6518996
6502758
6398300
6289453
6248394
6248383
6227789
6186597
6186587
6168344
5929586
5915438
5904685
5867331
5830363
5737498
5737496
5737478
5653187
5586927
5538800
5538795
5495237
5495233
5361520
5361513
5326537
5266978
5159681
5128580
5094330
5081820
5081172
5081060
5081023
5080929
5080890
5080852
5080768
5076171
5076096
5033026
5032951
5032883
5032881
5025899
5025892
4978657
4937062
4928224
4901384
4884862
4792349
4771629
4701402
4608024
4540713
4464715
4365439
4319260
4274789
4242420
4167826
4134127
4111678
4056382
4053014
4046170
4046153
4046130
4037897
4037888
4031983
4000295
3863165
3837103
3690403
3654522
3593523
3540725
3529785
3422195
3363781
3359079
3359060
3358951
3356360
3353814
3349715
3345244
3338469
